TimeTaken(ms)
291
280
285.5
